HDMI Timings

Usable Pixel clock are :
4800000 - 6400000 - 9600000 - 19200000 - 38400000 ... ???...

** EmulationStation ** 60Hz
hdmi_timings 480 1 14 45 56 300 1 10 5 5 0 0 0 60 0 9600000 1

** 60Hz Timings ** 240px60Hz
hdmi_timings 1920 1 48 192 240 248 1 3 10 6 0 0 0 60 0 38400000 1
hdmi_timings 960 1 24 96 120 248 1 3 10 6 0 0 0 60 0 19200000 1

** 50Hz Timings ** 256px50Hz
hdmi_timings 1920 1 48 192 240 302 1 3 10 6 0 0 0 50 0 38400000 1
hdmi_timings 960 1 24 96 120 302 1 3 10 6 0 0 0 50 0 19200000 1

** 55Hz Timings ** 256px55Hz
hdmi_timings 1888 1 48 184 232 278 1 3 10 6 0 0 0 55 0 38400000 1
hdmi_timings 944 1 24 88 112 280 1 3 10 6 0 0 0 55 0 19200000 1

** Others **
hdmi_timings 1920 1 48 192 240 248 1 3 10 6 0 0 0 60 0 38400000 1
hdmi_timings 1920 1 51 201 252 252 1 2 4 6 0 0 0 60 0 38400000 1
hdmi_timings 1920 1 41 202 243 252 1 3 4 7 0 0 0 60 0 38400000 1
hdmi_timings 1920 1 41 202 243 260 1 4 5 9 0 0 0 57.41 0 38400000 1
hdmi_timings 1920 1 50 192 242 250 1 4 5 9 0 0 0 59.59 0 38400000 1


** Amiga ** 256p x 50Hz
hdmi_timings 1920 1 140 200 260 256 1 18 10 29 0 0 0 50 0 39400000 1
hdmi_timings 968 1 24 96 120 288 1 10 10 10 0 0 0 50 0 19200000 1

** Colecovision **
hdmi_timings 320 1 10 34 46 192 1 25 30 15 0 0 0 60 0 6400000 1

** Atari 800/5200 **
hdmi_timings 256 1 6 17 18 192 1 26 22 29 0 0 0 60 0 4800000 1

** 320x224x60 **
hdmi_timings=320 1 15 29 40 224 1 10 14 16 0 0 0 60 0 6400000 1

** 256x240x60 **
hdmi_timings=256 1 48 32 80 240 1 4 8 4 0 0 0 60 0 6400000 1

